# epochSeconds totalPssKB glMtrackKB graphicsKB — GPU process, dumpsys meminfo every 5 s
1789786323 139263  67058
1789786328 102991  28954
1789786333 102755  28310
1789786339 104937  29898
1789786344 105995  30874
1789786349 107269  31974
1789786354 107861  32506
1789786359 108937  33494
1789786364 109151  33694
1789786370 109205  33734
1789786375 108897  33382
1789786380 108625  33294
1789786385 108701  33230
1789786390 108265  32790
1789786396 108321  32802
1789786401 108379  32778
1789786406 108379  32778
1789786411 108379  32778
1789786416 110540  31486
1789786422 110521  31486
1789786427 110541  31498
1789786432 110389  31530
