# epochSeconds totalPssKB glMtrackKB graphicsKB — GPU process, dumpsys meminfo every 5 s
1789786435 112383  31530
1789786441 108887  34354
1789786446 109027  34214
1789786451 109361  34202
1789786456 109375  34190
1789786461 109109  33718
1789786467 109176  33718
1789786472 109212  33630
1789786477 109091  33514
1789786482 109115  33530
1789786487 108795  33178
1789786492 108647  33074
1789786498 108611  33010
1789786503 108167  32562
1789786508 108207  32574
1789786513 109971  32834
1789786518 110917  32782
1789786524 112135  32754
1789786529 110794  31634
1789786534 110807  31646
1789786539 110823  31654
1789786545 116457  31782
