# epochSeconds totalPssKB glMtrackKB graphicsKB — GPU process, dumpsys meminfo every 5 s
1789786548 110091  29690
1789786553 108873  30558
1789786558 110027  31218
1789786563 111629  32490
1789786569 112207  33022
1789786574 112671  33230
1789786579 113108  33630
1789786584 113760  34190
1789786589 113527  33942
1789786595 113583  33982
1789786600 113291  33662
1789786605 113151  33574
1789786610 113115  33510
1789786615 112675  33070
1789786620 112519  33082
1789786626 114683  33262
1789786631 115747  33258
1789786636 116963  33254
1789786641 112590  32970
1789786647 112591  32982
1789786652 112639  32990
1789786657 118233  33118
