# epochSeconds totalPssKB glMtrackKB graphicsKB — GPU process, dumpsys meminfo every 5 s
1789786660 101551  24898
1789786665 101655  27130
1789786671 101979  27054
1789786676 102495  26918
1789786681 102229  26842
1789786686 102507  26954
1789786691 102824  27226
1789786697 103428  27786
1789786702 103531  27858
1789786707 103525  27898
1789786712 103553  27898
1789786717 103485  27810
1789786723 103405  27746
1789786728 103289  27626
1789786733 103129  27638
1789786738 103413  27614
1789786743 103413  27614
1789786749 103413  27614
1789786754 105846  26694
1789786759 105816  26694
1789786764 105820  26706
1789786769 111422  26834
