native-after-crayon-t1  1.717 0.967  1.733 0.934  1.750 0.557  1.767 0.441  1.783 0.373  1.800 0.301  1.817 0.249  1.833 0.208  1.850 0.185  1.867 0.165  1.883 0.152  1.900 0.132
native-after-crayon-t2  1.717 0.976  1.733 0.951  1.750 0.581  1.767 0.465  1.783 0.374  1.800 0.313  1.817 0.253  1.833 0.215  1.850 0.184  1.867 0.170  1.883 0.152  1.900 0.135
native-after-crayon-t3  1.697 0.983  1.713 0.954  1.730 0.682  1.747 0.523  1.763 0.436  1.780 0.341  1.797 0.282  1.813 0.232  1.830 0.202  1.847 0.177  1.863 0.163  1.880 0.142
native-after-portrait-t1  1.662 0.966  1.678 0.962  1.695 0.726  1.712 0.577  1.728 0.472  1.745 0.376  1.762 0.332  1.778 0.307  1.795 0.303  1.812 0.277  1.828 0.260  1.845 0.245
native-after-portrait-t2  1.643 0.964  1.660 0.971  1.677 0.625  1.693 0.491  1.710 0.376  1.727 0.321  1.743 0.290  1.760 0.279  1.777 0.247  1.793 0.226  1.810 0.207  1.827 0.203
native-after-reduced-crayon  1.605 0.965  1.622 1.000  1.638 0.073  1.655 0.023  1.672 0.014  1.688 0.012  1.705 0.011  1.722 0.005  1.738 0.004  1.755 0.006  1.780 0.004  1.797 0.004
native-after-magic-t1  1.650 0.995  1.667 0.895  1.683 0.695  1.700 0.496  1.717 0.369  1.733 0.253  1.750 0.186  1.767 0.149  1.783 0.120  1.800 0.099  1.817 0.079  1.833 0.066
native-after-reduced-magic  1.620 0.993  1.637 0.996  1.653 0.062  1.670 0.049  1.687 0.037  1.703 0.028  1.720 0.022  1.737 0.019  1.753 0.016  1.770 0.015  1.787 0.014  1.803 0.014

# rapid double undo (second tap 120 ms after the first): blue ghost mass
01.482  blue=0.998
01.507  blue=0.956
01.532  blue=0.981
01.557  blue=0.964
01.573  blue=0.972
01.590  blue=1.000
01.607  blue=0.979
01.623  blue=0.962
01.640  blue=0.942
01.657  blue=0.086
01.673  blue=0.074
01.690  blue=0.066
01.707  blue=0.068
01.723  blue=0.089
01.740  blue=0.103
01.757  blue=0.104
01.773  blue=0.098
01.790  blue=0.101
01.807  blue=0.101
01.823  blue=0.107
01.840  blue=0.104
01.857  blue=0.099
01.873  blue=0.087
01.890  blue=0.084
01.907  blue=0.077
01.923  blue=0.077
01.940  blue=0.073
01.957  blue=0.029
01.973  blue=0.019
01.990  blue=0.011
02.007  blue=0.011
02.023  blue=0.003
02.040  blue=0.033
02.057  blue=0.002
02.073  blue=0.004
02.090  blue=0.002
02.107  blue=0.000
